- FPS: [18.619102167674388]
- Total_Power: [2.0404619999999998]
