- FPS: [28.98517065976508]
- Total_Power: [0.45161]
