- FPS: [18.648207813053077]
- Total_Power: [3.4525740000000003]
