- FPS: [20.117475288327864]
- Total_Power: [1.072378]
