- FPS: [18.683180605210417]
- Total_Power: [1.9676740000000001]
