- FPS: [23.052355639220355]
- Total_Power: [0.757439]
